xxvffl

1111111110.

333133333 13113333 13 3331133 1331131
33131 33 3313 113333 que 3113 3133133133
13 31 po: 1313311313313313 13 3333
333 31333 sequaces 3331133 13 31311131

13311333 que 13 3333313 31 gentil 3333333
3 3113 3333113 13 131 113113 persona· ’
amorque 31 31331313 3133333 3331333
135 3311 13333 33313 313 misma 3331133
amor 333 33313113 3333 3131313331133
33 vno Juntados 3 313133 133 133313
13313 ambos 33 333 33131333 131 1333313 ·
quel modo 313 313313 1313 33133133

1131133313 mi 3333 3131313 31131113 ,
por 13133 33313333 13 3331311 3133133 .
13113 3331133 3133313 que 3133133
333 33 1313 31331313 33313 3331113 · ²
3 quanto 33 11113311 313133111ςί13
mi 3133113 1331131113 113313 y 133 13113
quan dulces 131333 13333333 3133113 Ι
13313 31133 33333133 333113333 13 3113

1131313313333311113131333331313133 , ,ν ³

’11513 dixe francisca ω’3333131ο3313313 ,,

33311331333 1333 311 33313 13133313313 ·
13131113 333331113333 133333 3113333 ’
1333 dimo 11 333133 31 ,1133133 313333

3 como 313333113 31311311333133

1313133 131333 131 1313133133
333333131333 1313 33113333 33333 ’

11311133333 133 33313 mas 3333313133 ⁴ y ι

313 dixo¹ 31 que es ’333113 33 31133313 1333313 -

333 3113333 333313313 33 3333113 miseria ,
1311131333 131133 33 que 3113113313133Ι ’

1111333313313133131311133333333 , ’ ”’
11513 quiores 131333 13 131 (1313331333

113333133 33313313 33333 13 13111333Ι “ ’

, que alla 33131313133 3333 3313 3333 “

 

